0 0.386364 0.403846 0.052727 0.045788
1 0.276364 0.431319 0.069091 0.067766
3 0.563636 0.819597 0.083636 0.078755
2 0.520000 0.621795 0.054545 0.053114
2 0.286364 0.500916 0.081818 0.071429
2 0.581818 0.677656 0.072727 0.076923
3 0.108182 0.329670 0.067273 0.069597
1 0.424545 0.293040 0.060000 0.065934
1 0.449091 0.462454 0.065455 0.067766
2 0.561818 0.602564 0.069091 0.069597
2 0.406364 0.691392 0.070909 0.075092
2 0.524545 0.484432 0.060000 0.060440
2 0.616364 0.275641 0.072727 0.067766
0 0.259091 0.323260 0.074545 0.067766
2 0.660000 0.311355 0.069091 0.065934
1 0.590000 0.191392 0.074545 0.067766
2 0.740000 0.362637 0.065455 0.065934
1 0.148182 0.377289 0.067273 0.065934
2 0.212727 0.408425 0.065455 0.073260
2 0.422727 0.739927 0.067273 0.058608
0 0.351818 0.697802 0.063636 0.069597
0 0.210000 0.813187 0.078182 0.087912
0 0.326364 0.792125 0.089091 0.082418
3 0.691818 0.657509 0.081818 0.084249
0 0.523636 0.744505 0.065455 0.064103
2 0.490000 0.293040 0.063636 0.065934
1 0.259091 0.543040 0.070909 0.078755
1 0.175455 0.553114 0.067273 0.080586
0 0.838182 0.705128 0.072727 0.076923
2 0.492727 0.460623 0.050909 0.060440
2 0.273636 0.683150 0.056364 0.051282
0 0.308182 0.664835 0.045455 0.058608
2 0.545455 0.279304 0.061818 0.064103
0 0.606364 0.755495 0.056364 0.060440
3 0.304545 0.130952 0.056364 0.067766
2 0.510000 0.259158 0.041818 0.045788
2 0.257273 0.643773 0.070909 0.067766
0 0.116364 0.674908 0.065455 0.071429
1 0.540000 0.327839 0.040000 0.043956
2 0.380909 0.363553 0.074545 0.053114
2 0.868182 0.347070 0.049091 0.064103
1 0.579091 0.715201 0.041818 0.034799
1 0.708182 0.517399 0.041818 0.038462
1 0.759091 0.490842 0.045455 0.043956