2 0.800170 0.589317 0.076531 0.075306
2 0.397959 0.834501 0.078231 0.068301
0 0.603741 0.496497 0.068027 0.064799
0 0.330782 0.312609 0.066327 0.071804
0 0.564626 0.792469 0.054422 0.057793
0 0.240646 0.304729 0.073129 0.073555
0 0.519558 0.788091 0.056122 0.073555
0 0.808673 0.287215 0.059524 0.066550
0 0.459184 0.241681 0.071429 0.070053
0 0.681122 0.508757 0.069728 0.075306
0 0.686224 0.791594 0.076531 0.073555
0 0.556122 0.753065 0.061224 0.049037
2 0.327381 0.695271 0.069728 0.073555
2 0.221088 0.786340 0.061224 0.070053
0 0.294218 0.435201 0.071429 0.064799
0 0.400510 0.705779 0.076531 0.070053
0 0.431122 0.542907 0.069728 0.063047
0 0.619898 0.675131 0.076531 0.075306
0 0.265306 0.492119 0.064626 0.059545
0 0.222789 0.663748 0.068027 0.073555
2 0.421769 0.757443 0.074830 0.075306
0 0.677721 0.676883 0.059524 0.061296
3 0.704932 0.403678 0.090136 0.078809
3 0.721939 0.588441 0.062925 0.063047
0 0.283163 0.745184 0.066327 0.068301
0 0.312075 0.380911 0.066327 0.064799
3 0.162415 0.805604 0.059524 0.070053
0 0.609694 0.727671 0.062925 0.064799
0 0.607993 0.542032 0.052721 0.050788
0 0.386905 0.285464 0.066327 0.073555
0 0.485544 0.479860 0.056122 0.063047
0 0.445578 0.500876 0.057823 0.059545
0 0.762755 0.521016 0.049320 0.054291
3 0.064626 0.537653 0.057823 0.059545
0 0.267007 0.401926 0.051020 0.047285
2 0.656463 0.907180 0.088435 0.080560
0 0.348639 0.577058 0.040816 0.054291
3 0.738095 0.887040 0.068027 0.068301
0 0.346088 0.404553 0.042517 0.045534
3 0.718537 0.527145 0.035714 0.042032
0 0.310374 0.576182 0.059524 0.070053
0 0.527211 0.368651 0.037415 0.036778
0 0.544218 0.187391 0.034014 0.035026
0 0.583333 0.273205 0.054422 0.049037
3 0.300170 0.196147 0.042517 0.045534