1 0.361111 0.635838 0.067050 0.069364
2 0.511494 0.829480 0.072797 0.071291
0 0.301724 0.332370 0.074713 0.071291
1 0.492337 0.423892 0.057471 0.073218
0 0.387931 0.463391 0.063218 0.063584
1 0.318966 0.693642 0.082375 0.073218
1 0.609195 0.596339 0.072797 0.067437
1 0.450192 0.642582 0.068966 0.071291
2 0.613027 0.655106 0.057471 0.053950
1 0.496169 0.484586 0.038314 0.040462
0 0.661877 0.245665 0.090038 0.082852
0 0.678161 0.637765 0.072797 0.069364
0 0.572797 0.537572 0.061303 0.061657
2 0.551724 0.672447 0.057471 0.057803
2 0.397510 0.584778 0.067050 0.067437
2 0.868774 0.609827 0.044061 0.052023
2 0.753831 0.324663 0.067050 0.052023
2 0.459770 0.353565 0.061303 0.059730
2 0.665709 0.558767 0.044061 0.050096
1 0.704023 0.560694 0.040230 0.046243
2 0.508621 0.655106 0.051724 0.053950
2 0.836207 0.580925 0.063218 0.059730
0 0.533525 0.493256 0.051724 0.057803
2 0.370690 0.393064 0.063218 0.061657
0 0.383142 0.122351 0.065134 0.063584
2 0.529693 0.711946 0.063218 0.063584
0 0.573755 0.318882 0.059387 0.059730
0 0.775862 0.271676 0.084291 0.073218
3 0.131226 0.331407 0.055556 0.057803
3 0.207854 0.383430 0.055556 0.053950
0 0.348659 0.441233 0.045977 0.046243
1 0.467433 0.569364 0.042146 0.044316
2 0.502874 0.369942 0.047893 0.050096
2 0.311303 0.412331 0.078544 0.080925
2 0.392720 0.260116 0.061303 0.053950
2 0.263410 0.839114 0.067050 0.063584
0 0.312261 0.467245 0.042146 0.040462
2 0.411877 0.286127 0.034483 0.036609
2 0.547893 0.379576 0.053640 0.050096
2 0.540230 0.420039 0.065134 0.065511
2 0.720307 0.105973 0.065134 0.077071
1 0.534483 0.332370 0.030651 0.032755
3 0.234674 0.668593 0.036398 0.034682
3 0.614943 0.403661 0.045977 0.040462