0 0.775340 0.216339 0.059002 0.057489
0 0.339637 0.616490 0.065053 0.065053
0 0.388805 0.618003 0.057489 0.059002
2 0.366868 0.515885 0.074130 0.066566
2 0.393343 0.444781 0.060514 0.066566
0 0.803328 0.506808 0.081694 0.075643
1 0.483359 0.631619 0.065053 0.071104
0 0.566566 0.240545 0.068079 0.063540
0 0.226929 0.670197 0.078669 0.078669
0 0.535552 0.517398 0.057489 0.054463
0 0.493949 0.332829 0.049924 0.042360
0 0.496974 0.377458 0.068079 0.059002
2 0.513616 0.571861 0.068079 0.057489
0 0.472769 0.711800 0.068079 0.068079
2 0.383510 0.571861 0.055976 0.045386
2 0.489410 0.099849 0.046899 0.048411
2 0.260968 0.429652 0.077156 0.081694
2 0.480333 0.191377 0.046899 0.046899
2 0.505295 0.291225 0.075643 0.065053
2 0.545386 0.330560 0.052950 0.059002
0 0.620272 0.385023 0.060514 0.052950
2 0.605900 0.822239 0.068079 0.052950
2 0.430408 0.664145 0.055976 0.057489
2 0.330560 0.435703 0.062027 0.075643
0 0.834342 0.618759 0.065053 0.069592
2 0.779123 0.620272 0.051437 0.057489
2 0.540847 0.664902 0.046899 0.046899
0 0.703480 0.464448 0.063540 0.060514
2 0.455371 0.316944 0.036309 0.037821
2 0.438729 0.495461 0.042360 0.043873
0 0.670197 0.285174 0.060514 0.052950
2 0.625567 0.429652 0.052950 0.045386
0 0.554463 0.694402 0.046899 0.039334
0 0.590015 0.866112 0.063540 0.049924
0 0.647504 0.540091 0.039334 0.036309
2 0.522693 0.479576 0.040847 0.033283
0 0.658094 0.316188 0.039334 0.036309
0 0.670953 0.440242 0.034796 0.030257
0 0.636914 0.475794 0.048411 0.062027
2 0.944024 0.491679 0.087746 0.078669
0 0.110439 0.456127 0.063540 0.065053
2 0.583207 0.448563 0.068079 0.062027
2 0.602874 0.830560 0.068079 0.027231
3 0.635401 0.770802 0.030257 0.025719