1 0.621025 0.488696 0.068905 0.069565
3 0.218198 0.526957 0.075972 0.086957
0 0.720848 0.720000 0.067138 0.069565
2 0.478799 0.690435 0.070671 0.062609
0 0.706714 0.473913 0.067138 0.067826
2 0.491166 0.758261 0.074205 0.073043
2 0.542403 0.633043 0.067138 0.066087
2 0.401060 0.323478 0.074205 0.062609
0 0.412544 0.206087 0.083039 0.088696
0 0.647527 0.625217 0.065371 0.060870
0 0.667845 0.527826 0.053004 0.057391
0 0.379859 0.549565 0.070671 0.073043
0 0.514134 0.144348 0.081272 0.069565
2 0.467314 0.630435 0.068905 0.064348
0 0.558304 0.473913 0.060071 0.064348
2 0.314488 0.513913 0.056537 0.053913
3 0.530035 0.199130 0.067138 0.053913
3 0.244700 0.403478 0.083039 0.069565
2 0.287102 0.568696 0.072438 0.080000
0 0.636926 0.581739 0.054770 0.053913
0 0.345406 0.421739 0.058304 0.064348
2 0.391343 0.407826 0.044170 0.046957
2 0.594523 0.600000 0.047703 0.055652
0 0.124558 0.313913 0.061837 0.067826
0 0.763251 0.314783 0.067138 0.062609
0 0.497350 0.471304 0.054770 0.055652
3 0.194346 0.622609 0.053004 0.048696
2 0.422261 0.454783 0.060071 0.057391
2 0.551237 0.890435 0.070671 0.059130
2 0.812721 0.313913 0.042403 0.053913
2 0.448763 0.413043 0.060071 0.067826
3 0.327739 0.605217 0.037102 0.038261
3 0.328622 0.561739 0.045936 0.062609
3 0.180212 0.823478 0.074205 0.081739
3 0.504417 0.568696 0.047703 0.045217
2 0.637809 0.423478 0.053004 0.050435
3 0.465548 0.491304 0.033569 0.040000
0 0.429329 0.380000 0.049470 0.043478
3 0.100707 0.645217 0.049470 0.055652
3 0.664311 0.403478 0.049470 0.041739
3 0.491166 0.352174 0.045936 0.040000
2 0.363074 0.066957 0.072438 0.067826
3 0.385159 0.359130 0.035336 0.029565