1 0.467532 0.743506 0.087662 0.087662
2 0.769481 0.487013 0.074675 0.064935
2 0.515422 0.438312 0.069805 0.064935
0 0.535714 0.516234 0.064935 0.058442
2 0.759740 0.546266 0.081169 0.069805
0 0.439123 0.209416 0.073052 0.064935
0 0.724026 0.431006 0.064935 0.060065
2 0.453734 0.602273 0.066558 0.071429
1 0.680195 0.447240 0.042208 0.040584
0 0.295455 0.512175 0.071429 0.069805
2 0.458604 0.077110 0.069805 0.063312
2 0.541396 0.474838 0.063312 0.047078
1 0.441558 0.142045 0.074675 0.066558
0 0.396916 0.659091 0.073052 0.074675
2 0.301136 0.248377 0.073052 0.074675
1 0.453734 0.276786 0.073052 0.073052
1 0.263799 0.711039 0.069805 0.074675
2 0.755682 0.637987 0.069805 0.068182
2 0.727273 0.388799 0.045455 0.047078
0 0.648539 0.334416 0.060065 0.061688
2 0.683442 0.389610 0.061688 0.071429
0 0.541396 0.204545 0.076299 0.077922
1 0.832792 0.422078 0.084416 0.081169
0 0.277597 0.417208 0.058442 0.055195
0 0.534091 0.353084 0.051948 0.047078
0 0.168831 0.495942 0.074675 0.082792
0 0.266234 0.469968 0.068182 0.069805
1 0.349026 0.313312 0.068182 0.077922
0 0.262987 0.556006 0.058442 0.063312
0 0.403409 0.317370 0.063312 0.076299
0 0.306818 0.641234 0.055195 0.055195
2 0.555195 0.329545 0.084416 0.074675
2 0.838474 0.754058 0.066558 0.066558
0 0.412338 0.578734 0.051948 0.056818
0 0.101461 0.403409 0.060065 0.076299
1 0.650974 0.721591 0.042208 0.043831
0 0.262987 0.365260 0.061688 0.061688
0 0.501623 0.900162 0.068182 0.063312
2 0.237825 0.398539 0.047078 0.053571
0 0.340909 0.717532 0.058442 0.058442
2 0.735390 0.146916 0.055195 0.060065
3 0.055195 0.476461 0.061688 0.063312
0 0.744318 0.674513 0.027597 0.027597
3 0.603896 0.616883 0.035714 0.038961
3 0.601461 0.693182 0.040584 0.035714
3 0.160714 0.266234 0.061688 0.074675
3 0.362825 0.674513 0.030844 0.040584